wall -3.048 -2.286 -3.048 2.286
wall -3.048 2.286 3.048 2.286
wall 3.048 2.286 3.048 -2.286
wall 3.048 -2.286 -3.048 -2.286

wall 2.16000000000000	-0.160000000000000	3.05000000000000	-0.150000000000000
wall 1.53000000000000	0.780000000000000	1.53000000000000	2.29000000000000
wall 1.53000000000000	1.35000000000000	0.580000000000000	1.36000000000000
wall 0.680000000000000	-0.830000000000000	-0.570000000000000	-0.830000000000000
wall -0.570000000000000	-0.780000000000000	-0.570000000000000	-2.29000000000000
wall -1.87000000000000	-1.42000000000000	-1.89000000000000	-0.150000000000000
wall -1.88000000000000	-0.140000000000000	-3.05000000000000	-0.140000000000000
wall -1.87000000000000	0.810000000000000	-0.92000000000000	0.810000000000000
wall -0.920000000000000	0.770000000000000	-0.920000000000000	2.29000000000000

% optional walls
line 1.84000000000000	-2.28000000000000	1.84000000000000	-1.38000000000000
line 1.83 -1.0782  3.0519 -1.087
line -2.5878 2.3187 -2.6068 1.3995

beacon -2.56000000000000	-2.26000000000000   [1 0 0]   6
beacon -2.45000000000000	-0.100000000000000 [0 1 0] 5
beacon -0.980000000000000	1.59000000000000 [0 0 1] 1
beacon -0.520000000000000	-1.70000000000000 [0.5 0.5 0] 8
beacon 1.4700000000000	1.90000000000000 [0.5 0 0.5] 40
beacon -2.564, 1.8837 [0 0 1] 29
beacon 2.59000000000000	-2.26000000000000 [0 0.5 0.5] 9
beacon 2.65000000000000	-0.200000000000000 [0.5 0.25 0] 0

% pt 0.168 -1.68
line 0.168 -1.64 0.168 -1.72
line 0.13 -1.68 0.21 -1.68

%pt 2.44000000000000	-1.69000000000000
line 2.44 -1.73 2.44 -1.65
line 2.4 -1.69 2.48 -1.69

% pt 0.410000000000000	0.00900000000000000
line 0.41 -0.04 0.41 0.04
line 0.37 0 0.45 0

% pt -1.84000000000000	1.69000000000000
line -1.84 1.65 -1.84 1.73
line -1.8 1.69 -1.88 1.69

% ecpt 2.44000000000000	0.890000000000000
line 2.44 0.85 2.44 0.93
line 2.4 0.89 2.48 0.89

% ecpt 0.800000000000000	1.82000000000000
line 0.8 1.78 0.8 1.86 
line 0.76 1.82 0.84 1.82

% ecpt -1.07000000000000	-1.68000000000000
line -1.07 -1.64 -1.07 -1.72
line -1.03 -1.68 -1.11 -1.68

% ecpt -2.44000000000000	-0.630000000000000
line -2.44 -0.59 -2.44 -0.67
line -2.4 -0.63 -2.48 -0.63

